1.179790586167646094e+00
-8.593281254589224538e-01
2.380865073581230895e+00
-2.521346693080876555e+00
-8.226209050163052483e-01
2.112476103602388910e+00
-2.607932694464115020e+00
-7.942101592024124190e-02
-1.427386194220695570e+00
1.367419938047607531e+00
-1.210323241831988028e+00
3.903198569363744319e+00
5.075802509190039391e-01
-2.117960562909301014e+00
-1.357549785785964858e+00
1.027863435515642188e+00
3.128691570360641272e+00
-4.869183886122932514e-01
-1.049179048049026508e-01
-5.883814992085932734e-03
-1.911536752483891100e+00
1.002814243788415993e+00
-4.120594331137366950e+00
-2.847906033452411112e+00
6.552804327193251233e-01
-1.272955717964149747e+00
5.654812584863652125e-01
2.334157947659251331e+00
2.563141955085470602e+00
-1.341534681841795917e+00
-2.809762607356403041e-01
1.921900203015092901e+00
4.994933918108884763e-01
-1.634833258481069584e-01
2.678736738248351568e+00
-2.238320587613177981e+00
-1.099435055570481934e+00
-2.080193609590707537e-01
5.441897875551623964e-02
-2.737028309514272006e+00
1.650950713034543993e+00
2.066813455258886378e+00
2.935637388097659395e-01
1.293657890574915648e+00
1.817283444217318245e+00
1.043451263826288500e+00
7.161703626271392897e-01
4.972660296991249229e-01
-8.891053022622825708e-01
-1.091237698446987592e+00
-2.439557246823031100e+00
2.574179671446638284e+00
-6.537246872806509179e-01
1.094477986803214620e+00
-6.361523267595484699e-01
-1.598463774901821344e+00
-1.563627301473358600e+00
-3.182085871590265569e+00
-3.711494387088412061e-01
4.513510834895509971e-01
-1.655870474027415495e-01
-1.145862653310744994e+00
-8.399023705654341532e-01
1.014184136450656942e-01
7.104385868380552749e-02
2.491275177961902010e+00
-1.043448508830249422e+00
-1.328566694487828492e+00
3.383487087910624913e-01
6.345338199813581603e-01
9.377917941239570787e-01
-1.720887094802040496e+00
-3.482499588952129521e+00
-1.686581939929755691e+00
-6.338875713677968871e-02
-1.113543269917145473e+00
2.579880592931061756e+00
2.343847141308454063e+00
2.197208876176307335e+00
3.393955695073631151e+00
-5.369461566611573033e-01
7.219690054558396408e-01
-2.564497495437737307e+00
-1.641828138572138496e+00
3.427810053125402767e+00
1.546255992774533627e+00
-1.990501650961506108e+00
-3.802886345652136679e-01
-2.166117451538089878e+00
-2.363751531101253356e+00
-1.501608836010766446e+00
-3.288913576315086740e-01
-1.193301402747847684e+00
-2.073474031521589378e+00
-6.186737934519334070e-01
-3.144489926555695369e+00
-1.929472405689459880e+00
-1.933952267488048049e+00
5.922957914076869557e-01
3.241801754857330575e+00
